   h    k    l      d (Å)         2θ ID(λ) Phase
   1    1    1   3.244708   27.46637     1     1
   1    1    1   3.244708   27.53420     2     1
   2    0    0   2.810000   31.81997     1     1
   2    0    0   2.810000   31.89909     2     1
   2    2    0   1.986970   45.61968     1     1
   2    2    0   1.986970   45.73642     2     1
   4    2    0   1.256670   75.60859     1     1
   4    2    0   1.256670   75.82405     2     1
   4    2    2   1.147178   84.36139     1     1
   4    2    2   1.147178   84.61311     2     1
